[0.0, 0.05, 0.1, 0.15000000000000002, 0.2, 0.25, 0.30000000000000004, 0.35000000000000003, 0.4, 0.45, 0.5, 0.55, 0.6000000000000001, 0.65, 0.7000000000000001, 0.75, 0.8, 0.8500000000000001, 0.9, 0.9500000000000001, 1.0]
[0.49966953073364173, 0.7065432914738929, 0.8056840713813616, 0.8711169861202908, 0.9107732980832782, 0.9345670852610708, 0.9530733641771315, 0.9676140118968937, 0.9755452742894912, 0.9808327825512227, 0.9867812293456708, 0.9907468605419696, 0.9933906146728354, 0.9933906146728354, 0.9940515532055519, 0.9966953073364178, 0.9966953073364178, 0.998678122934567, 0.9993390614672835, 1.0]
[0.16169364117511692, 0.3069724629899516, 0.4459614942087903, 0.5662345631663726, 0.6626524507171894, 0.7401242617166524, 0.7991869295083223, 0.8464370637416581, 0.8798036358057832, 0.9070338268006439, 0.928664570069801, 0.948300989491447, 0.9621845516606579, 0.9713891232645544, 0.9788294853110375, 0.9840454092199122, 0.9890312188386895, 0.9939403236941011, 0.9973153332821966, 0.9999999999999997]
[0.23594725884802217, 0.43997224149895897, 0.5746009715475363, 0.6835530881332407, 0.7515614156835528, 0.8140180430256765, 0.8723108952116585, 0.9070090215128381, 0.9326856349757111, 0.9486467730742538, 0.9618320610687021, 0.9715475364330326, 0.979181124219292, 0.9833448993754337, 0.9882026370575987, 0.9902845246356696, 0.9972241498959056, 0.9972241498959056, 0.9979181124219292, 1.0]
[0.13562456654080296, 0.26446790475456583, 0.38337057871619024, 0.48732372659320344, 0.5841874084919474, 0.6686445249287202, 0.7468598289281037, 0.8027279032133776, 0.8518918085844188, 0.8883409108422595, 0.9132311011790092, 0.9348847961778534, 0.951914926408261, 0.9664020960160287, 0.9759574632041307, 0.9834322262464363, 0.9882869692532946, 0.9935270093241894, 0.997071742313324, 1.0000000000000004]
[0.15800865800865802, 0.3073593073593074, 0.43867243867243866, 0.5555555555555556, 0.645021645021645, 0.727994227994228, 0.7777777777777778, 0.8282828282828282, 0.8766233766233766, 0.9112554112554113, 0.9321789321789323, 0.950937950937951, 0.9653679653679654, 0.9747474747474749, 0.9805194805194807, 0.9855699855699858, 0.98989898989899, 0.9963924963924965, 0.9985569985569986, 1.0]
[0.11256991920447483, 0.22226538222498443, 0.32318210068365444, 0.4172622747047855, 0.502641392169049, 0.5863113735239278, 0.6646208825357364, 0.7409105034182721, 0.8026724673710378, 0.8473430702299563, 0.8844002486016157, 0.9122125543816033, 0.9360627719080172, 0.9538533250466127, 0.9676817899316343, 0.9786357986326909, 0.9857054070851458, 0.9916096954630202, 0.9966594157862023, 0.9999999999999997]
[0.14148148148148149, 0.2585185185185185, 0.362962962962963, 0.4637037037037037, 0.5614814814814815, 0.6414814814814814, 0.711111111111111, 0.7755555555555556, 0.8222222222222222, 0.8688888888888888, 0.9007407407407406, 0.9274074074074073, 0.9451851851851851, 0.965185185185185, 0.973333333333333, 0.9822222222222219, 0.9903703703703701, 0.9955555555555554, 0.9985185185185184, 0.9999999999999998]
[0.09702721782100558, 0.19232881010275318, 0.2836300886344027, 0.3677151149109734, 0.45172170366303244, 0.5351792297435093, 0.6162836300886344, 0.6912699035218448, 0.7633539885481214, 0.8189661934269354, 0.8618715193348498, 0.8981096556592674, 0.9246215389442309, 0.9458781080869088, 0.9622715507098596, 0.9752921797788062, 0.9841556200486312, 0.9905090595340811, 0.9967840614950193, 1.0]
[0.10858010630220197, 0.21640091116173119, 0.32498101746393315, 0.419134396355353, 0.515565679574791, 0.589217919514047, 0.6643887623386483, 0.7350037965072133, 0.7835990888382687, 0.8390280941533789, 0.8800303720577067, 0.9043280182232344, 0.9400151860288533, 0.9536826119969627, 0.967350037965072, 0.9779802581624905, 0.9878511769172361, 0.9916476841305999, 0.9954441913439636, 1.0]
[0.09085872576177281, 0.1730114760585674, 0.2572220023743569, 0.3340720221606647, 0.4158290462999602, 0.4960031658092598, 0.5729323308270675, 0.6525524337158684, 0.7286110011871783, 0.7928769291650176, 0.841551246537396, 0.8851602690937869, 0.9176098140087057, 0.9407202216066478, 0.9601899485555991, 0.9740403640680645, 0.983458646616541, 0.9915314602295208, 0.9966759002770079, 0.9999999999999997]
5
13
19
23
26
18
21
26
29
32
